0.013634547444007647
0.010077676781406027
0.010077676781406027
0.010040021761177156
0.010040021761177156
0.009998676609472755
0.009998676609472755
0.009950557805072115
0.009950557805072115
0.009900461689849168
0.009900461689849168
0.009854446275894675
0.009854446275894675
0.009813211733608503
0.009813211733608503
0.009777212010353043
0.009777212010353043
0.00974414549725528
0.00974414549725528
0.009702102626399048
0.009702102626399048
0.009662737667532563
0.009662737667532563
0.009618357507618705
0.009618357507618705
0.009575053658579746
0.009575053658579746
0.009530950510295875
0.009530950510295875
0.009488010855435491
0.009488010855435491
0.009443081765549994
0.009443081765549994
0.009401294104710764
0.009401294104710764
0.009372299564098342
0.009372299564098342
0.00933116827466871
0.00933116827466871
0.009287334026675384
0.009287334026675384
0.009253806073851878
0.009253806073851878
0.009224598328537698
0.009224598328537698
0.009191137602752527
0.009191137602752527
0.009155944284041272
0.009155944284041272
0.009112172969495102
0.009112172969495102
0.009076882062070833
0.009076882062070833
0.00903609939817739
0.00903609939817739
0.008995072081285983
0.008995072081285983
0.008954347205672382
0.008954347205672382
0.008921939806116629
0.008921939806116629
0.008891591975700356
0.008891591975700356
0.008853984327430866
0.008853984327430866
0.008816200517573546
0.008816200517573546
0.008779485311509686
0.008779485311509686
0.008741417527686698
0.008741417527686698
0.008706467971854722
0.008706467971854722
0.008668277842228792
0.008668277842228792
0.008628225643655238
0.008628225643655238
0.008587905444328811
0.008587905444328811
0.008548754307056738
0.008548754307056738
0.008509258442091418
0.008509258442091418
0.008471438291736732
0.008471438291736732
0.00843031989567298
0.00843031989567298
0.008398302508316193
0.008398302508316193
0.00836348916575984
0.00836348916575984
0.008330574812112716
0.008330574812112716
0.008298380737111428
0.008298380737111428
0.008262889618572378
0.008262889618572378
0.00824714746523735
0.00824714746523735
0.00821576123360968
0.00821576123360968
0.00819334202844983
0.00819334202844983
0.00816340368741434
0.00816340368741434
0.008128841094978415
0.008128841094978415
0.008091361130229683
0.008091361130229683
0.00806574724280548
0.00806574724280548
0.008036886646120902
0.008036886646120902
0.008002646750172156
0.008002646750172156
0.007971648203868333
0.007971648203868333
0.00793969212498807
0.00793969212498807
0.007917109698170489
0.007917109698170489
0.007891591201608282
0.007891591201608282
0.007859584661120175
0.007859584661120175
0.007828788679053147
0.007828788679053147
0.0078074743628151295
0.0078074743628151295
0.007779692072842093
0.007779692072842093
0.007754125764585059
0.007754125764585059
0.007725206687855858
0.007725206687855858
0.007695434764188094
0.007695434764188094
0.007669286653951787
0.007669286653951787
0.007648166488938
0.007648166488938
0.007648446862619466
0.007648446862619466
0.007639423665295257
0.007639423665295257
0.007613306469256057
0.007613306469256057
0.007584906661283753
0.007584906661283753
0.007556415038924041
0.007556415038924041
0.007527632554761463
0.007527632554761463
0.007506779796967514
0.007506779796967514
0.0074870179484857295
0.0074870179484857295
0.0074645127499856495
0.0074645127499856495
0.00744802983248009
0.00744802983248009
0.007423307847779816
0.007423307847779816
0.007403862284945211
0.007403862284945211
0.0073818190110230796
0.0073818190110230796
0.007364087945682455
0.007364087945682455
0.007337994746780968
0.007337994746780968
0.007314111031723888
0.007314111031723888
0.007286774131281722
0.007286774131281722
0.007265136514488929
0.007265136514488929
0.007240003466190877
0.007240003466190877
0.007218762106579902
0.007218762106579902
0.007197022326159112
0.007197022326159112
0.007179241135174967
0.007179241135174967
0.007154723139428622
0.007154723139428622
0.007128657345485532
0.007128657345485532
0.007104943558914053
0.007104943558914053
0.007084085348367563
0.007084085348367563
0.0070677297759701345
0.0070677297759701345
0.0017929210006490271
0.0017929224116537987
0.0017929224116537987
0.0017929263896600133
0.0017929263896600133
0.0017929287702679929
0.0017929287702679929
0.0017929278389042591
0.0017929278389042591
0.0017929258834895854
0.0017929258834895854
0.0017929252854400415
0.0017929252854400415
0.001792926077040208
0.001792926077040208
0.0017929298818775672
0.0017929298818775672
0.0017929353308201157
0.0017929353308201157
0.0017929362393260596
0.0017929362393260596
0.001792940352597603
0.001792940352597603
0.0017929383193210269
0.0017929383193210269
0.001792937606285799
0.001792937606285799
0.0017929360090530233
0.0017929360090530233
0.0017929336551488842
0.0017929336551488842
0.0017929306138877534
0.0017929306138877534
0.0017929299610656855
0.0017929299610656855
0.0017929354830723023
0.0017929354830723023
0.0017929344064176334
0.0017929344064176334
0.0017929327505506146
0.0017929327505506146
0.0017929348823385691
0.0017929348823385691
0.0017929419132815842
0.0017929419132815842
0.0017929455615417471
0.0017929455615417471
0.0017929476685849658
0.0017929476685849658
0.001792943677769408
0.001792943677769408
0.0017929450768323842
0.0017929450768323842
0.0017929413264220564
0.0017929413264220564
0.0017929383372541582
0.0017929383372541582
0.001792934682957283
0.001792934682957283
0.0017929363961647214
0.0017929363961647214
0.001792938802577659
0.001792938802577659
0.0017929370024231252
0.0017929370024231252
0.0017929358730332497
0.0017929358730332497
0.0017929340007599595
0.0017929340007599595
0.0017929309147766592
0.0017929309147766592
0.0017929300530511786
0.0017929300530511786
0.001792926383323499
0.001792926383323499
0.0017929222892868566
0.0017929222892868566
0.001792918478784696
0.001792918478784696
0.0017929150419666053
0.0017929150419666053
0.0017929122553830808
0.0017929122553830808
0.0017929105457859611
0.0017929105457859611
0.0017929089197705234
0.0017929089197705234
0.0017929088278663464
0.0017929088278663464
0.001792908666900441
0.001792908666900441
0.001792908728077275
0.001792908728077275
0.0017929088652955574
0.0017929088652955574
0.001792909480062723
0.001792909480062723
0.0017929086713637445
0.0017929086713637445
0.001792908729874803
0.001792908729874803
0.0017929089181550387
0.0017929089181550387
0.001792908893637542
0.001792908893637542
0.0017929086469170709
0.0017929086469170709
0.0017929087335997638
0.0017929087335997638
0.0017929087233894776
0.0017929087233894776
0.001792908813601211
0.001792908813601211
0.0017929093018793246
0.0017929093018793246
0.0017929097740032461
0.0017929097740032461
0.0017929108085819752
0.0017929108085819752
0.0017929098665219296
0.0017929098665219296
0.0017929097219541057
0.0017929097219541057
0.001792910676498058
0.001792910676498058
0.0017929114792696176
0.0017929114792696176
0.0017929102945907689
0.0017929102945907689
0.0017929108499462906
0.0017929108499462906
0.0017929105411054653
0.0017929105411054653
0.0017929113078612026
0.0017929113078612026
0.0017929125668420549
0.0017929125668420549
0.001792912802501698
0.001792912802501698
0.0017929113879071655
0.0017929113879071655
0.0017929082211554032
0.0017929082211554032
0.0017929095903985019
0.0017929095903985019
0.0017929103518921038
0.0017929103518921038
0.001792909832685562
0.001792909832685562
0.001792909053118134
0.001792909053118134
0.001792908092966392
0.001792908092966392
0.0017929087862615825
0.0017929087862615825
0.0017929097694210085
0.0017929097694210085
0.001792910272201485
0.001792910272201485
0.001792913320027329
0.001792913320027329
0.001792912980949285
0.001792912980949285
0.0017929155532738401
0.0017929155532738401
0.0017929162923459422
0.0017929162923459422
0.0017929196550696934
0.0017929196550696934
0.0017929180698217214
0.0017929180698217214
0.0017929181789476673
0.0017929181789476673
0.0017929152730064698
0.0017929152730064698
0.0017929158357242164
0.0017929158357242164
0.0017929142724748338
0.0017929142724748338
0.001792914771220269
0.001792914771220269
0.0017929149640147654
0.0017929149640147654
0.0017929173584428403
0.0017929173584428403
0.0017929158427483333
0.0017929158427483333
0.0017929139506902452
0.0017929139506902452
0.0017929128561375136
0.0017929128561375136
0.0017929131346222614
0.0017929131346222614
0.0017929153637826066
0.0017929153637826066
0.0017925074909549959
0.0017925077683398865
0.0017925077683398865
0.0017925088250319101
0.0017925088250319101
0.0017925096437033231
0.0017925096437033231
0.0017925093035878966
0.0017925093035878966
0.0017925086169233997
0.0017925086169233997
0.001792508421243558
0.001792508421243558
0.001792508689058602
0.001792508689058602
0.0017925101027559454
0.0017925101027559454
0.00179251245705329
0.00179251245705329
0.0017925128858520339
0.0017925128858520339
0.0017925149711013162
0.0017925149711013162
0.0017925139454773853
0.0017925139454773853
0.0017925136021379568
0.0017925136021379568
0.0017925128211675738
0.0017925128211675738
0.0017925117169091582
0.0017925117169091582
0.0017925103558749918
0.0017925103558749918
0.0017925100894160676
0.0017925100894160676
0.001792512650558144
0.001792512650558144
0.0017925121780581422
0.0017925121780581422
0.0017925114267108803
0.0017925114267108803
0.0017925124517515901
0.0017925124517515901
0.0017925160009050628
0.0017925160009050628
0.001792517968763694
0.001792517968763694
0.0017925191499560571
0.0017925191499560571
0.0017925169254392915
0.0017925169254392915
0.0017925177250702584
0.0017925177250702584
0.0017925156806875436
0.0017925156806875436
0.0017925141099280938
0.0017925141099280938
0.0017925122796387657
0.0017925122796387657
0.001792513129562521
0.001792513129562521
0.0017925143761753598
0.0017925143761753598
0.001792513473086144
0.001792513473086144
0.0017925129177978737
0.0017925129177978737
0.001792512017285516
0.001792512017285516
0.0017925106081109854
0.0017925106081109854
0.0017925102383220283
0.0017925102383220283
0.0017925087845887518
0.0017925087845887518
0.0017925074083813214
0.0017925074083813214
0.0017925064782592086
0.0017925064782592086
0.0017925061792921089
0.0017925061792921089
0.0017925066085925183
0.0017925066085925183
0.0017925075305200808
0.0017925075305200808
0.0017925101337066254
0.0017925101337066254
0.001792510434133093
0.001792510434133093
0.0017925124115826872
0.0017925124115826872
0.0017925135563076884
0.0017925135563076884
0.0017925146178258263
0.0017925146178258263
0.0017925175209275686
0.0017925175209275686
0.0017925108616134334
0.0017925108616134334
0.00179251216419395
0.00179251216419395
0.0017925092182592972
0.0017925092182592972
0.0017925093154897028
0.0017925093154897028
0.0017925109313761667
0.0017925109313761667
0.0017925143638305534
0.0017925143638305534
0.001792513366382604
0.001792513366382604
0.0017925140245913245
0.0017925140245913245
0.0017925166181023404
0.0017925166181023404
0.0017925184349199671
0.0017925184349199671
0.0017925215763441456
0.0017925215763441456
0.001792518725533488
0.001792518725533488
0.0017925182374047951
0.0017925182374047951
0.001792521040581354
0.001792521040581354
0.0017925231419687667
0.0017925231419687667
0.0017925199308814362
0.0017925199308814362
0.0017925214196790416
0.0017925214196790416
0.001792520563310031
0.001792520563310031
0.0017925225700369635
0.0017925225700369635
0.001792525575374118
0.001792525575374118
0.0017925260964207843
0.0017925260964207843
0.0017925227205251748
0.0017925227205251748
0.0017925092664453626
0.0017925092664453626
0.0017925042147595184
0.0017925042147595184
0.001792503663899089
0.001792503663899089
0.001792503880299991
0.001792503880299991
0.001792504306968752
0.001792504306968752
0.0017925050256417177
0.0017925050256417177
0.0017925044481056779
0.0017925044481056779
0.0017925038862174627
0.0017925038862174627
0.0017925036608931646
0.0017925036608931646
0.0017925032311984746
0.0017925032311984746
0.0017925032302523994
0.0017925032302523994
0.0017925034341330964
0.0017925034341330964
0.0017925035548143004
0.0017925035548143004
0.0017925043754394546
0.0017925043754394546
0.0017925039526082254
0.0017925039526082254
0.0017925039872080828
0.0017925039872080828
0.001792503338774829
0.001792503338774829
0.0017925034529547804
0.0017925034529547804
0.0017925032085101818
0.0017925032085101818
0.0017925032973804907
0.0017925032973804907
0.001792503326089108
0.001792503326089108
0.0017925038274246958
0.0017925038274246958
0.001792503521560162
0.001792503521560162
0.0017925032324157557
0.0017925032324157557
0.0017925031414601762
0.0017925031414601762
0.00179250315409934
0.00179250315409934
0.0017925033755922032
0.0017925033755922032
0.0017921077537119828
0.0017921080271269235
0.0017921080271269235
0.001792109075017847
0.001792109075017847
0.0017921098878924241
0.0017921098878924241
0.0017921095483220482
0.0017921095483220482
0.001792108866091386
0.001792108866091386
0.0017921086723801322
0.0017921086723801322
0.001792108938344223
0.001792108938344223
0.001792110343400739
0.001792110343400739
0.0017921126859779582
0.0017921126859779582
0.001792113110731133
0.001792113110731133
0.0017921151868335915
0.0017921151868335915
0.001792114163123378
0.001792114163123378
0.0017921138208433164
0.0017921138208433164
0.0017921130438124484
0.0017921130438124484
0.0017921119446366034
0.0017921119446366034
0.0017921105915355705
0.0017921105915355705
0.0017921103279531097
0.0017921103279531097
0.0017921128749655798
0.0017921128749655798
0.0017921124029103587
0.0017921124029103587
0.0017921116552215015
0.0017921116552215015
0.0017921126743832662
0.0017921126743832662
0.0017921162084062994
0.0017921162084062994
0.0017921181665956475
0.0017921181665956475
0.001792119341050531
0.001792119341050531
0.0017921171230684207
0.0017921171230684207
0.001792117919435051
0.001792117919435051
0.0017921158831031262
0.0017921158831031262
0.0017921143211325655
0.0017921143211325655
0.001792112502041449
0.001792112502041449
0.0017921133488595844
0.0017921133488595844
0.0017921145883680405
0.0017921145883680405
0.00179211368787535
0.00179211368787535
0.001792113135786962
0.001792113135786962
0.0017921122405901943
0.0017921122405901943
0.0017921108399740534
0.0017921108399740534
0.0017921104734547745
0.0017921104734547745
0.001792109029868927
0.001792109029868927
0.0017921076670508816
0.0017921076670508816
0.0017921067509615207
0.0017921067509615207
0.0017921064651515743
0.0017921064651515743
0.001792106906094276
0.001792106906094276
0.0017921078356566422
0.0017921078356566422
0.0017921104489865619
0.0017921104489865619
0.0017921107474245482
0.0017921107474245482
0.0017921127280587994
0.0017921127280587994
0.0017921138733339255
0.0017921138733339255
0.0017921149354191651
0.0017921149354191651
0.0017921178409856559
0.0017921178409856559
0.00179211117121031
0.00179211117121031
0.0017921124791909753
0.0017921124791909753
0.0017921095293297613
0.0017921095293297613
0.0017921096284177656
0.0017921096284177656
0.0017921112489985634
0.0017921112489985634
0.0017921146869772859
0.0017921146869772859
0.0017921136853825145
0.0017921136853825145
0.0017921143442940592
0.0017921143442940592
0.0017921169406642972
0.0017921169406642972
0.0017921187576047143
0.0017921187576047143
0.001792121900123888
0.001792121900123888
0.001792119044986968
0.001792119044986968
0.0017921185578081097
0.0017921185578081097
0.0017921213647436656
0.0017921213647436656
0.0017921234655424486
0.0017921234655424486
0.0017921202503846931
0.0017921202503846931
0.0017921217424003604
0.0017921217424003604
0.0017921208855495793
0.0017921208855495793
0.0017921228943082374
0.0017921228943082374
0.001792125901484133
0.001792125901484133
0.0017921264208975577
0.0017921264208975577
0.0017921230412689117
0.0017921230412689117
0.0017921095769311455
0.0017921095769311455
0.0017921045242657145
0.0017921045242657145
0.001792103975124749
0.001792103975124749
0.001792104193798792
0.001792104193798792
0.0017921046228220148
0.0017921046228220148
0.0017921053445417586
0.0017921053445417586
0.0017921047640904512
0.0017921047640904512
0.0017921041997035324
0.0017921041997035324
0.0017921039735068266
0.0017921039735068266
0.00179210353666423
0.00179210353666423
0.0017921035364300252
0.0017921035364300252
0.0017921037345574287
0.0017921037345574287
0.0017921038534636786
0.0017921038534636786
0.0017921046671753825
0.0017921046671753825
0.001792104246632698
0.001792104246632698
0.0017921042809717904
0.0017921042809717904
0.0017921036394426381
0.0017921036394426381
0.001792103752345779
0.001792103752345779
0.0017921035118616552
0.0017921035118616552
0.0017921035993051177
0.0017921035993051177
0.0017921036275163431
0.0017921036275163431
0.0017921041226884526
0.0017921041226884526
0.0017921038199291155
0.0017921038199291155
0.0017921035359300627
0.0017921035359300627
0.0017921034483259577
0.0017921034483259577
0.0017921034602101224
0.0017921034602101224
0.001792103676132421
0.001792103676132421
0.0017917115692889622
0.0017917118421529625
0.0017917118421529625
0.001791712890038389
0.001791712890038389
0.0017917137018346313
0.0017917137018346313
0.0017917133610542686
0.0017917133610542686
0.0017917126794628577
0.0017917126794628577
0.0017917124865335422
0.0017917124865335422
0.001791712752249001
0.001791712752249001
0.0017917141558921933
0.0017917141558921933
0.0017917164960973824
0.0017917164960973824
0.0017917169182787129
0.0017917169182787129
0.0017917189913910763
0.0017917189913910763
0.0017917179665818566
0.0017917179665818566
0.0017917176242733064
0.0017917176242733064
0.0017917168487398911
0.0017917168487398911
0.0017917157508990683
0.0017917157508990683
0.0017917144006802258
0.0017917144006802258
0.001791714138829808
0.001791714138829808
0.00179171668068417
0.00179171668068417
0.001791716207282169
0.001791716207282169
0.0017917154605488182
0.0017917154605488182
0.0017917164772065235
0.0017917164772065235
0.0017917200066494303
0.0017917200066494303
0.0017917219602771907
0.0017917219602771907
0.0017917231308288112
0.0017917231308288112
0.0017917209140690194
0.0017917209140690194
0.0017917217090155496
0.0017917217090155496
0.0017917196755950296
0.0017917196755950296
0.0017917181181365143
0.0017917181181365143
0.0017917163047366672
0.0017917163047366672
0.0017917171510798374
0.0017917171510798374
0.001791718387024289
0.001791718387024289
0.001791717486447728
0.001791717486447728
0.0017917169358469842
0.0017917169358469842
0.0017917160430482159
0.0017917160430482159
0.0017917146459427479
0.0017917146459427479
0.0017917142812265993
0.0017917142812265993
0.0017917128411195173
0.0017917128411195173
0.001791711483506798
0.001791711483506798
0.0017917105727818497
0.0017917105727818497
0.001791710290705461
0.001791710290705461
0.0017917107336530883
0.0017917107336530883
0.0017917116629899235
0.0017917116629899235
0.0017917142738407522
0.0017917142738407522
0.0017917145691696546
0.0017917145691696546
0.0017917165466390154
0.0017917165466390154
0.0017917176892661237
0.0017917176892661237
0.001791718749194773
0.001791718749194773
0.0017917216504400287
0.0017917216504400287
0.001791714987675261
0.001791714987675261
0.001791716297335805
0.001791716297335805
0.0017917133529068165
0.0017917133529068165
0.0017917134534927658
0.0017917134534927658
0.0017917150732180641
0.0017917150732180641
0.0017917185067691875
0.0017917185067691875
0.001791717504013344
0.001791717504013344
0.0017917181619542207
0.0017917181619542207
0.0017917207549402773
0.0017917207549402773
0.0017917225680388557
0.0017917225680388557
0.0017917257054211498
0.0017917257054211498
0.0017917228516722756
0.0017917228516722756
0.0017917223664734101
0.0017917223664734101
0.0017917251716781232
0.0017917251716781232
0.0017917272680677975
0.0017917272680677975
0.001791724054899015
0.001791724054899015
0.0017917255473605719
0.0017917255473605719
0.0017917246916735654
0.0017917246916735654
0.0017917266987933882
0.0017917266987933882
0.0017917297026405572
0.0017917297026405572
0.0017917302196079844
0.0017917302196079844
0.0017917268421088605
0.0017917268421088605
0.0017917133981503878
0.0017917133981503878
0.0017917083636433833
0.0017917083636433833
0.0017917078201107539
0.0017917078201107539
0.001791708038859063
0.001791708038859063
0.0017917084666504428
0.0017917084666504428
0.001791709186425871
0.001791709186425871
0.0017917086068863163
0.0017917086068863163
0.0017917080446359234
0.0017917080446359234
0.0017917078197553589
0.0017917078197553589
0.0017917073861933616
0.0017917073861933616
0.0017917073856667878
0.0017917073856667878
0.0017917075851636907
0.0017917075851636907
0.0017917077041681602
0.0017917077041681602
0.0017917085186179424
0.0017917085186179424
0.001791708096889921
0.001791708096889921
0.0017917081312168507
0.0017917081312168507
0.0017917074898277355
0.0017917074898277355
0.001791707602827436
0.001791707602827436
0.001791707362364028
0.001791707362364028
0.0017917074496352928
0.0017917074496352928
0.0017917074778644048
0.0017917074778644048
0.0017917079725812272
0.0017917079725812272
0.0017917076693106143
0.0017917076693106143
0.0017917073856618144
0.0017917073856618144
0.0017917072984191054
0.0017917072984191054
0.0017917073103725805
0.0017917073103725805
0.0017917075267731835
0.0017917075267731835
0.0017913188746540077
0.0017913191469786163
0.0017913191469786163
0.00179132019488833
0.00179132019488833
0.0017913210056340891
0.0017913210056340891
0.0017913206636452194
0.0017913206636452194
0.001791319982670409
0.001791319982670409
0.0017913197905103707
0.0017913197905103707
0.001791320055987254
0.001791320055987254
0.0017913214582665476
0.0017913214582665476
0.0017913237961705553
0.0017913237961705553
0.001791324215809147
0.001791324215809147
0.0017913262860018199
0.0017913262860018199
0.0017913252600829216
0.0017913252600829216
0.0017913249177411276
0.0017913249177411276
0.0017913241436758993
0.0017913241436758993
0.0017913230471367318
0.0017913230471367318
0.0017913216997442155
0.0017913216997442155
0.0017913214396025488
0.0017913214396025488
0.0017913239764014131
0.0017913239764014131
0.0017913235016561672
0.0017913235016561672
0.0017913227558553377
0.0017913227558553377
0.0017913237700567007
0.0017913237700567007
0.0017913272950346292
0.0017913272950346292
0.00179132924417328
0.00179132924417328
0.0017913304108780207
0.0017913304108780207
0.0017913281952923773
0.0017913281952923773
0.0017913289888481867
0.0017913289888481867
0.001791326958275954
0.001791326958275954
0.0017913254052568295
0.0017913254052568295
0.0017913235974550048
0.0017913235974550048
0.0017913244433433193
0.0017913244433433193
0.0017913256757834375
0.0017913256757834375
0.0017913247751092961
0.0017913247751092961
0.0017913242259719134
0.0017913242259719134
0.0017913233355298745
0.0017913233355298745
0.0017913219418714673
0.0017913219418714673
0.0017913215789315245
0.0017913215789315245
0.0017913201422348978
0.0017913201422348978
0.0017913187897353792
0.0017913187897353792
0.001791317884279117
0.001791317884279117
0.001791317605863017
0.001791317605863017
0.0017913180507650086
0.0017913180507650086
0.001791318979859203
0.001791318979859203
0.0017913215882411748
0.0017913215882411748
0.0017913218804880716
0.0017913218804880716
0.0017913238548267452
0.0017913238548267452
0.0017913249948319178
0.0017913249948319178
0.001791326052627812
0.001791326052627812
0.001791328949603179
0.001791328949603179
0.0017913222937572203
0.0017913222937572203
0.001791323605087271
0.001791323605087271
0.0017913206660293422
0.0017913206660293422
0.0017913207680970687
0.0017913207680970687
0.001791322386975992
0.001791322386975992
0.0017913258161479156
0.0017913258161479156
0.001791324812238122
0.001791324812238122
0.0017913254692158173
0.0017913254692158173
0.0017913280588605033
0.0017913280588605033
0.0017913298681611507
0.0017913298681611507
0.0017913330004699687
0.0017913330004699687
0.0017913301480790992
0.0017913301480790992
0.001791329664837259
0.001791329664837259
0.0017913324683408523
0.0017913324683408523
0.001791334560373315
0.001791334560373315
0.0017913313491550215
0.0017913313491550215
0.001791332842066292
0.001791332842066292
0.0017913319875235267
0.0017913319875235267
0.0017913339930294965
0.0017913339930294965
0.0017913369935951945
0.0017913369935951945
0.0017913375081393661
0.0017913375081393661
0.0017913341327290147
0.0017913341327290147
0.0017913207089026325
0.0017913207089026325
0.0017913156923883174
0.0017913156923883174
0.0017913151543999485
0.0017913151543999485
0.0017913153732122553
0.0017913153732122553
0.0017913157997777802
0.0017913157997777802
0.0017913165176229797
0.0017913165176229797
0.001791315938990127
0.001791315938990127
0.0017913153788609564
0.0017913153788609564
0.001791315155283846
0.001791315155283846
0.0017913147249891187
0.0017913147249891187
0.0017913147241647273
0.0017913147241647273
0.0017913149250364782
0.0017913149250364782
0.0017913150441423913
0.0017913150441423913
0.00179131585934904
0.00179131585934904
0.0017913154364301651
0.0017913154364301651
0.0017913154707469286
0.0017913154707469286
0.0017913148294710492
0.0017913148294710492
0.0017913149425724563
0.0017913149425724563
0.0017913147021158993
0.0017913147021158993
0.0017913147892207751
0.0017913147892207751
0.0017913148174697115
0.0017913148174697115
0.001791315311753502
0.001791315311753502
0.001791315007961931
0.001791315007961931
0.0017913147246426176
0.0017913147246426176
0.0017913146377480876
0.0017913146377480876
0.0017913146497732782
0.0017913146497732782
0.0017913148666672157
0.0017913148666672157
0.0017909296172176673
0.0017909298890041868
0.0017909298890041868
0.0017909309369413865
0.0017909309369413865
0.001790931746650104
0.001790931746650104
0.0017909314034594184
0.0017909314034594184
0.001790930723090137
0.001790930723090137
0.0017909305316904085
0.0017909305316904085
0.001790930796933877
0.001790930796933877
0.0017909321978765648
0.0017909321978765648
0.0017909345335214667
0.0017909345335214667
0.0017909349506416686
0.0017909349506416686
0.001790937017965828
0.001790937017965828
0.0017909359909356302
0.0017909359909356302
0.0017909356485591606
0.0017909356485591606
0.001790934875940502
0.001790934875940502
0.001790933780681142
0.001790933780681142
0.001790932436074821
0.001790932436074821
0.0017909321776223331
0.0017909321776223331
0.0017909347094404115
0.0017909347094404115
0.0017909342333607531
0.0017909342333607531
0.0017909334884777383
0.0017909334884777383
0.0017909345002598
0.0017909345002598
0.0017909380208549776
0.0017909380208549776
0.0017909399655608182
0.0017909399655608182
0.0017909411284658485
0.0017909411284658485
0.001790938914022564
0.001790938914022564
0.0017909397062111886
0.0017909397062111886
0.0017909376784402474
0.0017909376784402474
0.001790936129801502
0.001790936129801502
0.0017909343275220248
0.0017909343275220248
0.0017909351729675546
0.0017909351729675546
0.0017909364019516804
0.0017909364019516804
0.0017909355011744008
0.0017909355011744008
0.0017909349534815035
0.0017909349534815035
0.0017909340653641242
0.0017909340653641242
0.0017909326751049902
0.0017909326751049902
0.001790932313919065
0.001790932313919065
0.0017909308805853044
0.0017909308805853044
0.0017909295331324164
0.0017909295331324164
0.0017909286328761423
0.0017909286328761423
0.0017909283580760272
0.0017909283580760272
0.0017909288049111028
0.0017909288049111028
0.0017909297337690875
0.0017909297337690875
0.0017909323397297405
0.0017909323397297405
0.0017909326289245913
0.0017909326289245913
0.001790934600185208
0.001790934600185208
0.0017909357376036884
0.0017909357376036884
0.001790936793298452
0.001790936793298452
0.0017909396860748322
0.0017909396860748322
0.0017909330370049071
0.0017909330370049071
0.00179093435000557
0.00179093435000557
0.0017909314162303507
0.0017909314162303507
0.0017909315197650437
0.0017909315197650437
0.001790933137823248
0.001790933137823248
0.0017909365626933523
0.0017909365626933523
0.0017909355576277918
0.0017909355576277918
0.0017909362136547177
0.0017909362136547177
0.0017909388000189215
0.0017909388000189215
0.0017909406055767532
0.0017909406055767532
0.0017909437328932078
0.0017909437328932078
0.0017909408818135978
0.0017909408818135978
0.0017909404005030946
0.0017909404005030946
0.0017909432023514133
0.0017909432023514133
0.0017909452900892488
0.0017909452900892488
0.0017909420807653183
0.0017909420807653183
0.0017909435741384737
0.0017909435741384737
0.0017909427207157796
0.0017909427207157796
0.001790944724643572
0.001790944724643572
0.001790947721989924
0.001790947721989924
0.0017909482341356522
0.0017909482341356522
0.0017909448607562803
0.0017909448607562803
0.0017909314567260352
0.0017909314567260352
0.0017909264579827517
0.0017909264579827517
0.0017909259254639512
0.0017909259254639512
0.0017909261443368224
0.0017909261443368224
0.001790926569693108
0.001790926569693108
0.0017909272856367962
0.0017909272856367962
0.0017909267078942603
0.0017909267078942603
0.0017909261498574333
0.0017909261498574333
0.0017909259275647772
0.0017909259275647772
0.001790925500493167
0.001790925500493167
0.0017909254993686706
0.0017909254993686706
0.0017909257015993885
0.0017909257015993885
0.001790925820804373
0.001790925820804373
0.0017909266367637032
0.0017909266367637032
0.001790926212658922
0.001790926212658922
0.0017909262469667435
0.0017909262469667435
0.0017909256057977324
0.0017909256057977324
0.0017909257190018447
0.0017909257190018447
0.0017909254785501618
0.0017909254785501618
0.001790925565490691
0.001790925565490691
0.0017909255937598322
0.0017909255937598322
0.0017909260876156892
0.0017909260876156892
0.001790925783304402
0.001790925783304402
0.0017909255003083326
0.0017909255003083326
0.0017909254137577972
0.0017909254137577972
0.0017909254258546082
0.0017909254258546082
0.0017909256432387158
0.0017909256432387158
0.0017905437451269661
0.001790544016376709
0.001790544016376709
0.0017905450643444572
0.0017905450643444572
0.0017905458730293022
0.0017905458730293022
0.001790545528643381
0.001790545528643381
0.0017905448488687475
0.0017905448488687475
0.0017905446582205152
0.0017905446582205152
0.0017905449232356442
0.0017905449232356442
0.0017905463228685547
0.0017905463228685547
0.0017905486562956457
0.0017905486562956457
0.0017905490709213881
0.0017905490709213881
0.0017905511354273575
0.0017905511354273575
0.0017905501072842127
0.0017905501072842127
0.0017905497648716899
0.0017905497648716899
0.0017905489936783517
0.0017905489936783517
0.001790547899677258
0.001790547899677258
0.0017905465578176613
0.0017905465578176613
0.0017905463010351296
0.0017905463010351296
0.0017905488279459916
0.0017905488279459916
0.0017905483505406205
0.0017905483505406205
0.0017905476065609026
0.0017905476065609026
0.0017905486159600693
0.0017905486159600693
0.0017905521322533128
0.0017905521322533128
0.001790554072581655
0.001790554072581655
0.0017905552317333004
0.0017905552317333004
0.0017905530184010635
0.0017905530184010635
0.001790553809245676
0.001790553809245676
0.001790551784229823
0.001790551784229823
0.0017905502399134078
0.0017905502399134078
0.0017905484430818376
0.0017905484430818376
0.001790549288096502
0.001790549288096502
0.0017905505136721549
0.0017905505136721549
0.0017905496127862696
0.0017905496127862696
0.0017905490665192946
0.0017905490665192946
0.001790548180695028
0.001790548180695028
0.0017905467937881568
0.0017905467937881568
0.0017905464343344636
0.0017905464343344636
0.0017905450043167817
0.0017905450043167817
0.0017905436618450886
0.0017905436618450886
0.0017905427667212837
0.0017905427667212837
0.0017905424954936147
0.0017905424954936147
0.0017905429442408817
0.0017905429442408817
0.0017905438728689973
0.0017905438728689973
0.0017905464764551055
0.0017905464764551055
0.0017905467626273275
0.0017905467626273275
0.0017905487308617068
0.0017905487308617068
0.0017905498657281905
0.0017905498657281905
0.001790550919352958
0.001790550919352958
0.0017905538080001948
0.0017905538080001948
0.0017905471655655172
0.0017905471655655172
0.0017905484802381354
0.0017905484802381354
0.0017905455516585007
0.0017905455516585007
0.0017905456566456456
0.0017905456566456456
0.0017905472739085358
0.0017905472739085358
0.0017905506945530357
0.0017905506945530357
0.0017905496883299514
0.0017905496883299514
0.0017905503434183713
0.0017905503434183713
0.0017905529265621028
0.0017905529265621028
0.001790554728431374
0.001790554728431374
0.0017905578508353222
0.0017905578508353222
0.0017905550010208619
0.0017905550010208619
0.0017905545216164455
0.0017905545216164455
0.001790557321854792
0.001790557321854792
0.0017905594053596126
0.0017905594053596126
0.0017905561978746763
0.0017905561978746763
0.0017905576917218433
0.0017905576917218433
0.00179055683939543
0.00179055683939543
0.0017905588417802658
0.0017905588417802658
0.001790561835968535
0.001790561835968535
0.0017905623457402037
0.0017905623457402037
0.0017905589743347889
0.0017905589743347889
0.0017905455897691547
0.0017905455897691547
0.0017905406085775974
0.0017905406085775974
0.001790540081454924
0.001790540081454924
0.0017905403003851217
0.0017905403003851217
0.001790540724548576
0.001790540724548576
0.0017905414386190095
0.0017905414386190095
0.0017905408617506435
0.0017905408617506435
0.0017905403057777165
0.0017905403057777165
0.0017905400847508363
0.0017905400847508363
0.0017905396608588584
0.0017905396608588584
0.0017905396594320902
0.0017905396594320902
0.0017905398630061336
0.0017905398630061336
0.001790539982307856
0.001790539982307856
0.0017905407990157303
0.0017905407990157303
0.001790540373729961
0.001790540373729961
0.0017905404080300392
0.0017905404080300392
0.0017905397669616384
0.0017905397669616384
0.0017905398802694423
0.0017905398802694423
0.0017905396398206993
0.0017905396398206993
0.00179053972659892
0.00179053972659892
0.0017905397548886376
0.0017905397548886376
0.0017905402483216538
0.0017905402483216538
0.0017905399434919177
0.0017905399434919177
0.00179053966081297
0.00179053966081297
0.001790539574602304
0.001790539574602304
0.0017905395867706365
0.0017905395867706365
0.0017905398046417621
0.0017905398046417621
0.0017901612072304149
0.0017901614779447356
0.0017901614779447356
0.0017901625259460355
0.0017901625259460355
0.0017901633336199528
0.0017901633336199528
0.0017901629880452525
0.0017901629880452525
0.0017901623088545419
0.0017901623088545419
0.0017901621189491354
0.0017901621189491354
0.0017901623837409313
0.0017901623837409313
0.0017901637820904928
0.0017901637820904928
0.0017901661133403867
0.0017901661133403867
0.0017901665254952013
0.0017901665254952013
0.0017901685872325143
0.0017901685872325143
0.0017901675579747283
0.0017901675579747283
0.0017901672155248146
0.0017901672155248146
0.0017901664457358885
0.0017901664457358885
0.0017901653529717905
0.0017901653529717905
0.001790164013820052
0.001790164013820052
0.0017901637586885857
0.0017901637586885857
0.0017901662807647603
0.0017901662807647603
0.001790165802042226
0.001790165802042226
0.0017901650589514503
0.0017901650589514503
0.0017901660660035327
0.0017901660660035327
0.0017901695780743597
0.0017901695780743597
0.0017901715140795883
0.0017901715140795883
0.001790172669523372
0.001790172669523372
0.001790170457271299
0.001790170457271299
0.0017901712467947326
0.0017901712467947326
0.0017901692244884978
0.0017901692244884978
0.0017901676844372712
0.0017901676844372712
0.0017901658929803407
0.0017901658929803407
0.0017901667375759287
0.0017901667375759287
0.0017901679597898503
0.0017901679597898503
0.0017901670587899565
0.0017901670587899565
0.0017901665139306343
0.0017901665139306343
0.0017901656303684213
0.0017901656303684213
0.0017901642467675312
0.0017901642467675312
0.0017901638890246614
0.0017901638890246614
0.001790162462276999
0.001790162462276999
0.0017901611247221141
0.0017901611247221141
0.0017901602346643457
0.0017901602346643457
0.0017901599669662544
0.0017901599669662544
0.001790160417605113
0.001790160417605113
0.0017901613460095454
0.0017901613460095454
0.0017901639472670176
0.0017901639472670176
0.0017901642304454864
0.0017901642304454864
0.0017901661957045942
0.0017901661957045942
0.0017901673280532064
0.0017901673280532064
0.0017901683796386094
0.0017901683796386094
0.0017901712642254398
0.0017901712642254398
0.0017901646282873415
0.0017901646282873415
0.0017901659446334583
0.0017901659446334583
0.0017901630211635767
0.0017901630211635767
0.0017901631275889453
0.0017901631275889453
0.0017901647440816246
0.0017901647440816246
0.001790168160575497
0.001790168160575497
0.0017901671531932166
0.0017901671531932166
0.0017901678073552352
0.0017901678073552352
0.0017901703873375832
0.0017901703873375832
0.0017901721855716605
0.0017901721855716605
0.0017901753031416663
0.0017901753031416663
0.0017901724545469236
0.0017901724545469236
0.0017901719770237862
0.0017901719770237862
0.0017901747756968762
0.0017901747756968762
0.0017901768550292998
0.0017901768550292998
0.0017901736493287936
0.0017901736493287936
0.0017901751436620273
0.0017901751436620273
0.001790174292408493
0.001790174292408493
0.001790176293285108
0.001790176293285108
0.0017901792843756637
0.0017901792843756637
0.0017901797917972229
0.0017901797917972229
0.001790176422309558
0.001790176422309558
0.0017901630568816656
0.0017901630568816656
0.0017901580930250512
0.0017901580930250512
0.0017901575712263302
0.0017901575712263302
0.0017901577902107845
0.0017901577902107845
0.0017901582131975788
0.0017901582131975788
0.0017901589254225162
0.0017901589254225162
0.001790158349412439
0.001790158349412439
0.0017901577954754439
0.0017901577954754439
0.0017901575756959908
0.0017901575756959908
0.0017901571549409155
0.0017901571549409155
0.0017901571532098189
0.0017901571532098189
0.0017901573581118446
0.0017901573581118446
0.0017901574775080224
0.0017901574775080224
0.001790158294960419
0.001790158294960419
0.0017901578684985217
0.0017901578684985217
0.0017901579027920307
0.0017901579027920307
0.001790157261818027
0.001790157261818027
0.0017901573752305113
0.0017901573752305113
0.0017901571347827801
0.0017901571347827801
0.0017901572214007386
0.0017901572214007386
0.0017901572497114034
0.0017901572497114034
0.0017901577427267095
0.0017901577427267095
0.0017901574373797846
0.0017901574373797846
0.0017901571550119127
0.0017901571550119127
0.001790157069137024
0.001790157069137024
0.001790157081376782
0.001790157081376782
0.0017901572997318395
0.0017901572997318395
0.001789781953071974
0.001789782223252263
0.001789782223252263
0.0017897832712900608
0.0017897832712900608
0.0017897840779657753
0.0017897840779657753
0.00178978373120863
0.00178978373120863
0.0017897830525912693
0.0017897830525912693
0.0017897828634201595
0.0017897828634201595
0.00178978312799356
0.00178978312799356
0.0017897845250858127
0.0017897845250858127
0.0017897868541984507
0.0017897868541984507
0.0017897872639054766
0.0017897872639054766
0.0017897893229228937
0.0017897893229228937
0.0017897882925487182
0.0017897882925487182
0.0017897879500601214
0.0017897879500601214
0.0017897871816550345
0.0017897871816550345
0.001789786090106928
0.001789786090106928
0.0017897847536247791
0.0017897847536247791
0.0017897845001258153
0.0017897845001258153
0.0017897870174387973
0.0017897870174387973
0.0017897865374075052
0.0017897865374075052
0.0017897857951914783
0.0017897857951914783
0.0017897867999316995
0.0017897867999316995
0.0017897903078583559
0.0017897903078583559
0.0017897922395939414
0.0017897922395939414
0.0017897933913745994
0.0017897933913745994
0.0017897911801722272
0.0017897911801722272
0.0017897919683969744
0.0017897919683969744
0.001789789948755615
0.001789789948755615
0.0017897884129133327
0.0017897884129133327
0.0017897866267589252
0.0017897866267589252
0.0017897874709471007
0.0017897874709471007
0.0017897886898452634
0.0017897886898452634
0.0017897877887260263
0.0017897877887260263
0.001789787245256375
0.001789787245256375
0.0017897863639256394
0.0017897863639256394
0.0017897849835851608
0.0017897849835851608
0.0017897846275320823
0.0017897846275320823
0.0017897832040090988
0.0017897832040090988
0.001789781871307667
0.001789781871307667
0.0017897809862505686
0.0017897809862505686
0.0017897807220398501
0.0017897807220398501
0.001789781174549991
0.001789781174549991
0.0017897821027367709
0.0017897821027367709
0.0017897847017106694
0.0017897847017106694
0.0017897849819237311
0.0017897849819237311
0.0017897869442576905
0.0017897869442576905
0.0017897880741219935
0.0017897880741219935
0.001789789123698165
0.001789789123698165
0.00178979200429224
0.00178979200429224
0.0017897853747141413
0.0017897853747141413
0.001789786692735493
0.001789786692735493
0.001789783774290811
0.001789783774290811
0.0017897838821404573
0.0017897838821404573
0.00178978549788773
0.00178978549788773
0.0017897889103047325
0.0017897889103047325
0.0017897879017616653
0.0017897879017616653
0.0017897885550092253
0.0017897885550092253
0.0017897911318883704
0.0017897911318883704
0.0017897929265397496
0.0017897929265397496
0.0017897960393531021
0.0017897960393531021
0.0017897931919333128
0.0017897931919333128
0.0017897927162670822
0.0017897927162670822
0.0017897955134190482
0.0017897955134190482
0.0017897975886387142
0.0017897975886387142
0.0017897943846688705
0.0017897943846688705
0.0017897958795001505
0.0017897958795001505
0.0017897950292964774
0.0017897950292964774
0.0017897970286991271
0.0017897970286991